0000000000000000000000000000000000000000000000000000000000000000000000000000000000000000000000000000
0000000000000000000000000000000000000000000000000000000000000000000000000000000000000000000000000000
0000000000000000000000000000000000000000000000000000000000000000000000000000000000000000000000000000
0000000000000000000000000000011000000000000000000000100000000000000000000000000000000000000000000000
0000000000000000000000000000011000000000000000000000000000000000000000000000000000000000000000000000
0000000000000000000000000000000000000000000000000000000000000000000000000000000000000000000000000000
0000000000000000000000000000000000000000000000001100000000000000000000000000000000000000000000000000
0000000000000000000000000000000000000000000000010010000000000000000100000000000000000000000000000000
0000000000000000011000000000000000000000000000100110000000000000000100000000000000000000000000000000
0000000000000000011000000000000000000000000001000110010000000000000100000000000000000000000000000000
0000000000000000000000000000000000000000000001000000101000000000000000000000000000000000000000000000
0000000000000000000000000000000000000000000000000000101000000000000000000000000000000000000000000000
0000000000000000000000000000000000000000000000111001000000100000010000000000000000000000000000000000
0000000000000000000000000000000000000000000000000011010001010000101000000000000000000000000000000000
0000000000000000000000000000000110000000000001110110010001010000110000000000000000000000000000000000
0000000000000000000000000000000110000000000010001010010000100000000000000000000000000000000000000000
0000000000000000000000000000000000000000000000000111000000000000000000000000000000000000000000000000
0000000011000000000000000000000000000000000001010011010001000000000000000000000000000000000000000000
0000000011000000000000110000000000000100000010010011110010100000000000000000000000000000000000000000
0000000000000000000001001000000000001100000110000110110010100000000000000000000000000000000000000000
0000000000000000000001001000000000010000000000100100011111000000000000000000000000000000000000000000
0000000000000000000110110000000000000000000000101000001100000000000000000000000000000000000000000000
0000000000000000001001000000000000010000000000000000000101110000000000000000000000000000000000000000
0000000000000000001001000000000000100000000100000100000000110000000000000000000000000000000000000000
0000000000000000000110000000000000110000001110011000000000000000000000000000000000000000000000000000
0000000000000000000000000000000000000000011111100000000000000000000000000000000000000000000000000000
0000000000000000000000000000000000000000110001100000000000000000000000000000000000000000000000000000
0000000000000000000000000000000000000001110001110000011000000000000000000000000000000000000000000000
0000000000000000000000000000000000000000110001100000100100000000000000000000000000000000000000000000
0001100000000000000000000000000000000010000011000000100100000000000000000000000000000000000000000000
0001100000000000000000000000000000000000000110000000011000000000000000000000000000000000000000000000
0000000000000011000000000000000000000100000100000000000000000000000000000000000000000000000000000000
0000000000000011000000000000000000000100011000000000000000000000000000000000000000000000000000000000
0000000000000000000000000000000000000000000000000000000000000000000000000000000000000000000000000000
0000000000000000000000011000000000000011100000110000000000000000000000000000000000000000000000000000
0000000000000000000010101000000000000000000001010000000000000000000000000000000000000000000000000000
0000000000000000000100000000000000000000000001100000000000000000000000000000000000000000000000000000
0000000000000000001100000000000110000000000110000000000000000000000000000000000000000000000000000000
0000000000000000000000000000010000100000001010000000000000000000000000000000000000000000000000000000
0000000000000000000000000001000000100000001100000000000000000000000000000000000000000000000000000000
0000000000000000000000000011100000100000000000000000000000000000000000000000000000000000000000000000
0000000000000000000000000111100010000000000000000000000000000000000000000000000000000000000000000000
0000000000000000000000001100000010000011000000000000000000000000000000000000000000000000000000000000
0000000000000000000100011100001100000101000000000011000000000000000000000000000000000000000000000000
0000000000000001001100001100011000000110000000000011000000000000000000000000000000000000000000000000
0000000001100010010000000111110000011000000000000000000000000000000000000000000000000000000000000000
0000000010001010000011000111100000101000000000000000000000000000000000000000000000000000000000000000
0000000100001010011000001001000000110000000000000000000000000000000000000000000000000000000000000000
0000001000001001000001001000000000000000000000000011000000000000000000000000000000000000000000000000
0000001011000010100110010000000000000000000000000001000000000000000000000000000000000000000000000000
0000000111000111111100000000000000000000000110001000000000000000000000000000000000000000000000000000
0000000000001100111000000000000000000000000110001100000000000000000000000000000000000000000000000000
0001000000110000001100000000110000000000000000000000000000000000000000000000000000000000000000000000
0000000001000111011110000001001000000000000000000000000000000000000000000000000000000000000000000000
0000000000110000000011000001001000000000000000000000000000000000000000000000000000000000000000000000
0000000000000000000011100000110000000000000000000000000000000000000000000000000000000000000000000000
0000000000000000001110000000000000000000000000000000000000000000000000000000000000000000000000000000
0000000000000110010010100000000000000000000000000000000000000000000000000000000000000000000000000000
0000000000001001001100110000000000000000000000000000000000000000000000000000000000000000000000000000
0000000000000110000000110000000000000000000000000000000000000000000000000000000000000000000000000000
0000000000000000000000000000000000000000000000000000000000000000000000000000000000000000000000000000
0000000000000000000000000000000000000000000000000000000000000000000000000000000000000000000000000000
0000000000000000000000000000000000000000000000000000000000000000000000000000000000000000000000000000
0000000000000000000000000000000000000000000000000000000000000000000000000000000000000000000000000000
0000000000000110000000000000000000000000000000000000000000000000000000000000000000000000000000000000
0000000000001010000000000000000000000000000000000000000000000000000000000000000000000000000000000000
0000000000000100000000000000000000000000000000000000000000000000000000000000000000000000000000000000
0000000111000000000000000000000000000000000000000000000000000000000000000000000000000000000000000000
0000000000000000000000000000000000000000000000000000000000000000000000000000000000000000000000000000
0000000000000000000000000000000000000000000000000000000000000000000000000000000000000000000000000000
0000000000000000000000000000000000000000000000000000000000000000000000000000000000000000000000000000
0000000000000000000000000000000000000000000000000000000000000000000000000000000000000000000000000000
0000000000000000000000000000000000000000000000000000000000000000000000000000000000000000000000000000
0000000000000000000000000000000000000000000000000000000000000000000000000000000000000000000000000000
0000000000000000000000000000000000000000000000000000000000000000000000000000000000000000000000000000
0000000000000000000000000000000000000000000000000000000000000000000000000000000000000000000000000000
0000000000000000000000000000000000000000000000000000000000000000000000000000000000000000000000000000
0000000000000000000000000000000000000000000000000000000000000000000000000000000000000000000000000000
0000000000000000000000000000000000000000000000000000000000000000000000000000000000000000000000000000
0000000000000000000000000000000000000000000000000000000000000000000000000000000000000000000000000000
0000000000000000000000000000000000000000000000000000000000000000000000000000000000000000000000000000
0000000000000000000000000000000000000000000000000000000000000000000000000000000000000000000000000000
0000000000000000000000000000000000000000000000000000000000000000000000000000000000000000000000000000
0000000000000000000000000000000000000000000000000000000000000000000000000000000000000000000000000000
0000000000000000000000000000000000000000000000000000000000000000000000000000000000000000000000000000
0000000000000000000000000000000000000000000000000000000000000000000000000000000000000000000000000000
0000000000000000000000000000000000000000000000000000000000000000000000000000000000000000000000000000
0000000000000000000000000000000000000000000000000000000000000000000000000000000000000000000000000000
0000000000000000000000000000000000000000000000000000000000000000000000000000000000000000000000000000
0000000000000000000000000000000000000000000000000000000000000000000000000000000000000000000000000000
0000000000000000000000000000000000000000000000000000000000000000000000000000000000000000000000000000
0000000000000000000000000000000000000000000000000000000000000000000000000000000000000000000000000000
0000000000000000000000000000000000000000000000000000000000000000000000000000000000000000000000000000
0000000000000000000000000000000000000000000000000000000000000000000000000000000000000000000000000000
0000000000000000000000000000000000000000000000000000000000000000000000000000000000000000000000000000
0000000000000000000000000000000000000000000000000000000000000000000000000000000000000000000000000000
0000000000000000000000000000000000000000000000000000000000000000000000000000000000000000000000000000
0000000000000000000000000000000000000000000000000000000000000000000000000000000000000000000000000000
0000000000000000000000000000000000000000000000000000000000000000000000000000000000000000000000000000
0000000000000000000000000000000000000000000000000000000000000000000000000000000000000000000000000000
